1427593468
2083634845
94316995
161938517
294783311
99725517
3290938448
1289900767
1061141117
472635560
3094113200
3961612018
2617433856
2991626582
978037946
3017635793
582248647
696970877
2879881931
788790698
608296706
3464046338
3309523262
3350974946
3271229865
26010058
2988929166
2819215333
1329268608
3146034940
4288860899
992482029
2447849452
525971540
3104754675
2704730893
449079853
1993753211
3421602489
3477647838
1051532094
3984559795
2932045084
2520442646
2202915453
2835585350
4267279369
3687596949
263741642
3911508817
1227178076
2166738288
1881989174
3455260960
269648282
2737836538
947006981
1848863918
3745059169
1599572043
2433003356
2017352713
2384945970
3308271170
1659487677
865549608
3999545819
3455908362
2563671848
3694583727
480035078
3131145103
2528781901
2070585441
3306602629
930341044
517690325
1416268112
4038898197
3250604915
4072713425
2829644675
4176701944
462581239
241535572
488156188
4266647824
585151020
1367903089
3490777851
3120219972
262400258
3702690367
3985048989
577224600
2965529978
3414582185
2273690257
991852083
2326988239
2681633489
3140381681
2511410793
4274460588
1448871740
3455373193
1959800128
911544014
2801394933
3198071716
2813140782
3833734195
3667667839
1340539455
4165633438
2459272725
2293262717
1554188042
2232328353
1038358240
1599301266
3424785086
3566990966
237434634
752720270
114352664
1015619742
1909368856
3227608179
394693670
422978943
4116872671
2586670624
1363575581
853548475
3031595260
576996984
1382108864
3034799925
2066956987
3714100893
792946682
1839757723
2399869369
3835934215
1949408609
294572353
2542088455
3810956433
4203000856
719757856
1858224292
2875641891
3588126733
1583764880
2777684862
1289537408
2223008924
3865593278
2570376479
1633353466
249782003
404848932
3019409043
2953312264
1496814824
2997402767
2524859624
2274231413
4095530593
1613449919
2374238165
2994797795
1381485944
998791045
3597542318
3638277901
2783703234
1163989701
1825055912
3540212841
2482121658
1301785273
49206422
1024418614
1943247631
2609054031
3398977861
2592054552
1396549532
236577548
2841122093
1670443995
2693300308
1831566129
641496181
3156801186
2917121158
2918862501
1647519968
416028744
35597291
1267970698
1249873789
3377665173
4101116233
2469425709
806177146
1234215008
3904873702
1336876305
3393550132
2628608137
2556109763
4245964046
559685240
3994994227
3867871424
3694827479
2671668791
3324274461
2871642780
2866001776
321077506
3430890601
3195879552
2991049985
227753919
3325832975
3998815600
2389411569
3694571336
1628664682
3696780631
3379329621
3388251507
2160557493
3439070888
699168992
1713602969
3759546188
3337040677
1297478548
2843677528
3372609778
3671013607
253956931
3910405377
1913443004
3723420543
1587756725
3171403215
3502231992
1547524538
1964299843
4128840165
105977956
3865592631
3470465753
1527663859
2071898096
617789471
1323563445
356358446
3115097169
3887959688
499867628
2924553751
2564208929
3674215173
2317527335
2667116976
2227411693
2775306606
2458051423
705917693
4066156832
2991779256
1500116917
174455516
2908126950
2816369329
1637233247
381919492
891076653
2882552692
1456062729
2856850773
2454977653
1055755268
473660587
3668920299
2312263055
2480111378
3323394876
1869332214
2063109521
1376047693
3321002581
1625206494
2296723183
774102366
3139049817
3936194666
1296240268
3482010707
3124925381
3761622798
3260566927
2617292800
2876450930
3517407934
2785061473
2246809387
3124600085
1446536023
1968690984
3561837581
2773887944
1847023446
747080912
906684555
3303243046
2874324358
2595962405
1695887282
3969229430
2556449096
2717836824
3120800585
2938956044
3731335895
3886110842
2070167190
2236009318
392334168
657924940
101690456
2237313093
1964051880
1073024796
845514739
2094504125
3831628395
972036553
1733053163
1580516343
600253443
2099265981
2981116684
4038903568
140007920
4054559863
3339145594
2984010569
2337966232
1671513401
184305892
1741741183
1515431290
499037518
1805760358
1638557587
3284509294
4015956734
924061100
2735451158
1291289793
3356921263
3233359256
3351184045
2778835829
2534016287
3934696587
1088990957
2663456981
470659115
1620314392
1915599095
2680156605
2563105796
382316235
3732253831
3467306834
2895340364
3343414721
1598181865
902317831
3700211396
1226111276
3993930410
4000230163
2402640973
1179659290
1290807755
3518899064
1735645960
2609987811
709845646
1776136604
1846246378
275819204
1163179218
2374955841
3294113557
1135961850
1105745545
563437924
1180038445
2701427760
1493809622
3574257718
745714616
2879077656
1459577545
1999451137
3441324431
4106236149
2167468090
219485490
2731591566
579267354
3310946574
3374924071
3155123717
418749847
3145747385
418781368
1341709216
2583827284
3305476408
1014769015
3020988947
646367856
1334328860
2890414444
2565005847
2436534534
1753494406
1977851842
4103700217
1757164647
1168065020
2304479715
662247642
3439698697
465394384
202860811
1296898375
1588463914
3629467918
2372966213
2168437914
3161461610
561167493
1735557928
3132332666
2037083993
146705205
142334323
2835551228
562426187
4098137618
1105610710
207495809
2795213017
1103718717
3766092436
3838855195
513913995
4146789758
2981648861
4124178307
2713529907
3381414353
3332487582
2213104533
2355495587
2436743993
1461106853
2643958939
2789461390
3809825950
2123400530
3547214400
3713798904
2344572251
3342139798
701149677
3299528876
997864664
2274518324
4056057861
960108917
1390014066
658384146
533721661
4271860710
2980100812
550685551
1586628890
3323522001
2087892737
4087211762
1252594361
2019432725
4012503661
4218978464
548010657
862496520
2001791279
3273502496
1592170627
829968162
328923323
3568350735
31284345
3520129667
2273168032
3432567076
242289076
276857215
3320944570
3788812499
1821312298
3840836621
315888997
3599659914
1435128928
3784607101
2932229618
3676435305
2724049257
1928686952
3661327669
951447037
3307941024
341300483
2379592036
3588880268
2357727310
2663160584
2332993281
2527374019
3072158890
16975473
1643531827
2538425373
1657482794
3416778064
3666106215
4020650295
651602203
2806320904
436285955
3878022262
143283398
3937952811
1376757087
1434334212
1913329188
1510975982
1440234782
1527566387
3365615436
271433658
2983239018
411871256
3789523887
2520276566
249250227
2045571891
639857706
2720830442
3905670538
3030706592
2199123528
3053922816
1415723415
4263455413
1546485257
3509915882
1438074380
3240941190
4062721398
4004245925
4142792353
702973995
191510552
3057029994
2324266780
2041908043
3317268170
867628166
2939818202
4015916497
3316025639
418744638
2097566633
755071846
4109223884
1702067500
2653571040
3772262493
188012350
4040224965
3491166415
92746626
718511631
1649947432
4080696918
2533220362
3685486736
1384542237
804790558
3147218819
4038636758
4002216222
3714213227
2940041619
2511962748
697795568
575737599
1943531000
1460420337
2441407592
801787957
484205152
3941983319
1526801939
2378606244
3893367111
3897573098
1062501767
1742143510
315538748
2348669849
3981949857
2076919449
1892495721
1643814093
3561848682
244048333
4172729280
435055219
2351054239
1826737012
3712776614
1875398600
773097959
72858464
1621585527
533987321
1938279065
682746978
2017612621
2856583130
2687349255
1473152677
2585608054
673319530
3964555143
2928003642
135061625
4030160688
3415168553
3117266770
2760455539
4120112211
2448953735
2404185854
3716199035
1403433021
2500526034
1316828960
676328088
1168892588
3524188389
1834679689
1652048184
3822908568
1297023801
2417226136
1571466903
1091153330
3288714595
1550955367
3783547861
3552786799
1635854791
4169089319
91840558
4220083409
165075740
2635294198
2445504454
1925299951
3980276279
11014151
3892015805
1716911891
1789807891
1553185349
350106969
2130513359
282908334
4267588189
2928222054
1202684327
2923201321
3228873082
787168609
3706527918
2339935850
265290973
630769368
2905838570
3709500007
47165325
3910130907
2667068954
23581006
3621743974
1606259030
1972511866
2795346974
439467514
325502359
149463729
4294655356
2848967624
3629417133
143217108
3723257108
2036557467
4101701485
2058886637
2302373836
221736725
3849195393
1479436112
318313817
1739437348
4170396199
119524897
2832814412
2231871833
1822472705
3197107956
2388417168
30563045
1658240812
1712096843
1910841806
1819547660
2223548639
1942760893
3634039494
2194663715
968260399
4180956323
3065495080
668939757
2734463118
2214239022
2656178351
2603255386
3700529117
2979690081
872099524
2986334920
2672198
87973489
2232237503
2365691408
2535372369
1042761012
535708748
1440235769
19327637
2062737362
2238271614
4019466197
3254899769
2980735046
2238058460
1665452598
4120290640
3229607021
1194778640
3262024309
1641369209
3134286280
1326516281
1193974837
3999276457
251498102
2081998205
1026470698
842051099
3536419949
1498333401
2815861251
764265557
3437846994
3510952655
2015384644
1799554881
2095827671
647756476
2756994109
1945090134
4140517442
2761142763
2087332827
2255605327
4180879163
3325054525
212048753
923647705
224539231
206567923
2874963970
2058328190
456891677
3878088113
44564772
1784059365
3319094167
908619628
747885678
317927700
670615957
2925535206
2282174466
533050429
2332448390
1767938051
1856027890
704417583
3771396360
925257742
3569890263
134406087
1396101217
3178631998
1169707952
3410497438
1442600732
3504773908
2884913713
345628528
2812414062
2774280611
511735217
3692697003
1236554491
3145811826
3218532707
3039913157
2576644254
4248502333
3804875256
2383845595
2141508580
823428920
3335148306
205514583
1211751461
2020470022
2360405460
3024983
4045759924
1473264304
2649499264
918743959
666900118
3504973970
4089135242
103194773
95418218
122421999
2060462226
1610953652
2928133585
1316385435
1308766757
2222533948
2019096682
2529129086
843762089
885719219
1997109427
886577631
465282004
663301925
2497664123
1394200015
4206519324
54774216
3571080768
1561146256
3354978001
3721828651
3302875474
1360312702
2933022494
1566896983
3276201848
1103324785
1746593476
627319297
2575757167
2939425006
542309529
410872381
4051057147
1100719985
3808861752
3085487599
2923771359
1536548490
528832579
2907830364
1864693859
2616846973
1088632094
422564999
2581869073
4130144626
1037770800
1544343609
1760517053
3188419662
3562624040
184633369
3445743583
2711119151
1732116360
2458154386
3868596860
1372983518
2024220468
1159640286
1505251704
965609027
3791322510
3259602310
3882476663
291254411
3758788222
842100988
3897686332
1428699409
1147868376
3536793951
1999010083
3502022218
1689471381
38609733
3887613120
1313384153
4018421279
4182100033
3779271811
2260407411
1539387885
4009693850
2368871442
1719257153
2764323709
3838943682
3116035136
1718103907
3812515
2711846859
1489106414
360048875
3481838012
3148402079
479984717
1129451291
2327235992
2125792301
909551410
2094755901
351662722
669973658
3168911076
5589406
627133337
3430015464
4040728004
526885695
2469703471
667573535
4163265467
2609991686
1306147037
3516646834
2239702107
30557945
2009065512
3653767082
1376687135
2299084098
2730875336
1623917923
3363820641
385661574
474229677
2390759183
3781610572
2834541436
4249764412
2921221649
3867252511
1592102860
2299093627
2927698633
4158342804
437659318
57699542
4044790604
