2577164669
765363920
2792039631
3934731887
3013816379
1755185505
121869974
1196563064
717538294
861169120
4048375303
3591009576
3268459784
478781872
4211931653
642048307
896307990
2020945348
620294179
2548851978
1512424223
4136052524
4178070946
730858069
3805264771
1479506469
3043225164
2849121585
142291560
415091583
1155968526
107956347
1570465918
3492314236
2253715250
551165304
1831024903
16604593
3099805732
865377532
98601755
3862050337
1804218162
1261495644
3868622892
1445443821
980516538
4234505309
2263000030
3604190261
1403111674
2547636897
1723645795
3761968279
3657937592
520976785
550050993
3988697728
2929491372
1415704700
1531336468
822559833
905238637
2458856788
2606517134
3918132556
905341408
1507777007
2199903010
12194496
4292182506
2506133210
1467937544
1843867038
1259267976
1985861628
2576727476
571550208
1450704693
2756405332
1713020740
971607543
2666304179
2952063627
952718965
71565522
124210828
2851161
2582827
4259130574
3785380446
3115720997
800657429
4229185815
2836513275
3717212801
596478735
3988313051
1008846059
280394281
326118637
2188845811
195913790
3374482015
1556347858
3219761330
1045788243
1734748160
3266051911
862731620
3460530632
182199963
709592481
1687521348
2768909176
1939322013
1678712871
872621414
3984051047
936755465
650272454
1944744788
2386665409
4226651384
1790798034
2538122915
363878653
1355396493
4193361607
1470585134
3352312249
3189846381
2944352615
1247371700
575166306
1791608154
2889667923
1271173253
2503822990
2564825251
4908374
2149466402
4186981551
997656854
3088209875
4213700293
2367665547
1013325486
2988103011
2740854530
1279367402
1274922830
349612378
3411859060
620258750
3496025127
4282337708
3831381914
3529657132
252931637
2986574254
1736782888
3347808413
1935459421
1581839782
3920453985
2820918402
3762821468
2469065947
1170697020
3746617368
3245518635
2563637189
2772773878
187998575
4008274017
997674752
1964114262
2939874580
3046098154
1648527327
2872947800
3964860011
1784714510
1548421294
3422001318
2959337687
840221480
1200674402
577168812
3111283794
3698603202
13255286
2205418705
1156013372
1946713220
4147634466
3251594325
2502216265
1365211456
2557871975
2542946950
257722136
3552540310
478126836
2031244828
3055484217
2638417767
2217859993
3915817869
165433863
2919610774
1696281394
3598257010
3729241726
3435749557
324462394
2881738793
2091406376
516772866
1173969753
2531286945
3774895069
2034783976
781893689
308838158
3942953538
295182943
3511661431
2022042281
1754691608
327344607
3572253854
3233150528
4236985380
3076630853
1996230397
252167235
1518978439
2941473378
25722767
1637710592
2898212447
2904750530
625009564
3247562976
2300809149
1301617209
1618701858
2449346752
2083020166
3419873733
88705393
1918984411
257186736
1339241200
4062796195
914193547
1419335642
2064736225
4105828975
554961162
3668400204
2231517123
2515934701
3291730942
1640112071
704868443
2378651614
4033528609
1197110561
2208443167
3534531410
3908638456
3541031966
3384618670
3759961709
3215491369
1524262015
25416652
624167210
3993590330
1990021958
2372918939
3947730070
1747491187
3331770364
934836951
33858768
537630890
1926447046
2126240659
3849511556
3049584802
624387185
876767981
1187692877
4123104809
309034558
1387761816
718303830
1188529490
2342279438
247925597
4286384263
1832765164
3190018446
4270372948
4266390282
2340762423
3769777255
3494710374
1648308879
2164640523
3541946937
3062103249
2075979945
3739646797
1977035206
100226164
2460291518
1389756627
1034293261
2767732805
2019556592
1183264514
3769320266
3924641962
3397721658
1527431005
2168648597
3428948525
1144349742
117295731
2918487366
963720313
1434117339
1503788306
3329957692
1910091465
503493059
620636731
4149588402
3382180145
1116001014
64876500
4090755859
760511565
136468297
558355333
3211803171
1017828309
1816080483
1778043361
288644348
3104961034
1387458081
4008776574
809019522
994230348
4004577978
1540347329
1052767621
2221133
3421757858
1729870876
1983928962
2521487177
2889396647
514270287
1361278402
3026982077
1603337452
251535489
3216008025
1133136685
1438901479
2257179734
1126680181
436989243
2976419713
816153109
1824733357
2835032946
3434748341
736548874
1952127332
4163938722
2179963180
3421994091
904649665
1838586245
2019463758
3272694688
1002908361
3433377822
460187735
1545922205
2188528250
2651922752
976133022
143816122
532936239
4146129079
2836078618
2767693084
2737319343
862557
1852564854
1224608544
3458363245
30265349
75598426
3332390767
967796329
2702056605
1546776527
3617481541
1975519415
3698900172
1824368618
3357788178
4001778717
2035434571
1663436469
2986996668
4101204117
3437884480
1832337399
3759322617
1481875921
1789138147
1512280604
2373509879
2712070785
1971591530
2463256068
2972751851
1868475994
303694209
3202949226
4080817678
2689632590
1620546883
142682108
119747717
3106434855
3509897191
1607727839
4196303110
15202838
3961465793
3574629893
1915742890
3708306545
1734700277
4087839944
2954617033
3616751201
240374807
4123477778
658051351
1800108611
3650386955
1518101542
362327582
3901803256
4017538071
2955252531
4213142832
2027228658
1546562438
2709163848
4077774190
386792101
3508388
4095482418
2841972919
993489843
2363482330
362674686
594010029
3653616727
2374999426
2474499254
1791355893
3349251922
569232038
2811214901
839102012
4040428780
3210955103
2143092420
3823994836
3554533231
1439048317
3318130007
1396330321
1681770309
1304123116
1222171207
1001243186
808332169
1711711264
2083562576
2243658073
1583265831
3435165435
3348838777
2483413546
1448633393
1822581622
1184335538
969344018
2731868219
2272684206
4090113498
521977247
3826020297
257333137
2783804156
702041855
2379815029
2412405720
3605024677
1511559468
234806673
1255573857
2770961470
1512156910
2844431182
1495159523
2888155087
318956570
375881301
4264783317
424325408
3694247367
105491605
3290659352
2295471746
1869317537
4005233822
617458449
3192017595
4030746868
863178634
482446062
3183743735
2043498494
1149453643
4057861016
2838611744
2575495477
283123967
2828684899
3799696559
4092503593
2610869444
1291074955
961667877
3572804148
2868428272
2459106952
1491289269
3020201387
1998762063
1196135906
950470724
1640808681
1519100986
643467201
2250692730
4230577497
697933440
2937055835
171981295
732323206
1226471360
1394963966
3218464374
3181891483
2430323592
3118696708
1110411019
3682864436
1187896845
3261939001
385318114
3225569110
2038919858
4119981050
2065545062
1040679706
3869644612
3731759283
1303392982
3503676726
763726396
449114408
3593641356
848007624
850947579
2506510261
161000435
3214388289
3570386634
1284581428
2918386083
3870504148
2599927671
2412734322
723925134
3109951308
2007939280
989454652
3715928043
149253107
1976769382
2988806918
3725293802
1495062433
2672262203
409099984
1119567720
1380931798
221537063
76471254
4001482068
3625224368
3366280905
1855312343
734857793
2718717061
2490880479
360908059
1618027395
2189097681
909792352
4254801715
539565608
2070133341
2404646523
1861335421
3319873173
3522934016
3791744515
2430713900
3278938136
740101496
783807001
2369875422
4176905954
3597174529
165924027
3354606467
2848344958
884411698
2039979585
3623142599
1190840857
2378531546
1391307189
902811515
1243427583
380636032
3776575424
1220531250
1142628668
1269749611
1260630597
1803989703
3193790227
2064736361
3274218562
1141590790
1748165320
1472713931
256929266
3145974377
3282833076
613524635
3590012585
2636825472
3315173612
3536504054
1131203370
670098490
2635154627
1436194736
2053800561
133628607
4037767916
2962420606
1913324352
819462382
4070187179
1462098210
1425383692
723640639
1084468366
3710631985
3260980308
2740365640
2819048736
4143353614
147270062
2049288890
4138889136
1248782110
3757172797
2468607481
3466121783
2495184454
3928193720
3064642568
784877518
4070334760
304079099
2834605737
2695969616
402687456
1033491233
4025959114
844569332
2605420027
2671823568
3487883312
2716770895
2750945110
2341340839
3412714105
184492766
3594814020
2939723866
2615103608
1978187752
2055519186
3931660221
2760687343
3667551295
3758960985
3137628549
1894362720
2694650209
1283816138
374190431
1042353464
601727183
2560664298
4068226275
1573610683
2208810409
3432648167
846910513
396878984
734697164
2132222040
2833722400
1402683207
2505198845
3294394930
2410718065
1161908425
455606426
2255254640
2347200389
1337692986
1037869379
2319069841
3817605779
4199265090
2094393394
3281674116
2998719136
3737366664
3215774142
860003250
4281230514
4294018088
2475894014
4176059758
2956097464
789560748
1334942427
2805582811
1519362457
2732027031
1877458108
162960303
4016600472
3108890079
1811673979
1377725103
580545444
1980850139
177768422
1523992629
281387522
3686264825
972133359
1230439447
2697300068
4211994258
1390959639
1833152736
2145225154
2345723104
826136601
3953456057
4184695544
993611332
1552409191
2704937534
4171608813
2727654545
3882256592
635451296
3681248334
3015878575
1738990504
3935958658
2760980494
198228538
2454812655
1593643020
2533399148
106624746
1778606735
1475208248
2022643805
2013305558
1562671182
665459554
2692295308
577664823
2972406285
2776825044
2806861848
1791219081
129761425
3292472444
2050277854
3293892667
1963767948
301705131
1652062853
3607531503
3516430339
3289447206
1629858452
1630169175
1587172590
2607124388
2385851246
3243338363
1492690868
1973704899
213900058
1399625729
4275049914
898477114
1129452733
4162434662
4251121709
3061609344
3528820812
1478332682
590721091
2228396648
497787212
2195606541
2877188471
2711858148
940702401
775529170
2901964521
2676039279
2897633640
1115531229
1490848879
370508401
854399583
3610055277
921938317
3907043687
2080912624
1042299182
3515846008
947791939
2595199047
781208834
3170690823
1792946115
1243503080
3939814522
3325462183
497849217
703457588
2845749279
2366689025
1164067261
3688118638
1332086695
1903744241
2260411889
858373098
3735960287
2166777155
3633031120
23422470
959448295
3955818411
4099341972
4053781430
2914092110
146500504
1811523778
1391766536
4102345489
115059273
1510099033
2796101473
3355967412
3272669909
1217795817
1567003793
3079572384
4084250879
2083231747
2630897051
4180887144
819893926
3487170501
2089017120
867180217
2164893099
3400398556
1213301396
3752486289
435852069
565382028
4019819784
878209896
2091484255
1591242801
1717110838
1943548528
490129013
1086979212
1990860028
3001842974
4104016456
468125202
2860291525
3224091942
1695704899
3164450295
2958400941
3796169787
813549502
4217429972
2431210339
109452699
2850884291
3038667478
73921334
506123441
1997954695
1185102230
818418861
1687398347
2587230917
403124411
373072329
2396951152
1629447619
105905342
2712629580
3673848497
2147970920
3420474456
2719899361
2403513260
2409325611
316482162
3107787717
2814978365
4237428517
676542665
3811557814
2712256103
2152810693
2952881264
1097412756
1421433815
3373771532
3354721758
3387037382
3497962330
3729525314
1799223255
63957790
952311809
3500194845
410868897
1855628445
3619680561
1280905394
1849953237
3705239111
2198787550
1790619449
3946430240
4044608607
4108926298
3786575957
2425364787
3235234475
1137834622
798932300
249018637
1606365851
3400355176
