1111950932
354646525
1710503666
1122324804
926430145
1764931834
143315006
1015135904
424463341
1348266933
1247785547
38643131
1295039192
297635377
971942167
1059512983
1415752836
1890311278
2141470883
65868083
664800496
347525738
1814676718
98405776
1276184604
1969302566
527516155
1722774444
255101449
1167943074
344032199
1651482504
361512628
453622493
503453266
2132585763
671650337
1290545113
528958879
436402303
1815392332
1190029462
262020522
1859689884
1931642169
1268381969
244869750
1956214904
1259781348
1653871950
504936451
740500756
2146747216
1855568201
1163809359
1016135535
912966781
658219270
777078106
2035819404
1306373225
1918519426
122576167
774073703
890578708
1499589565
900933042
1282373892
1571266688
373720762
623504127
1457955423
2049328301
1950340470
1068873994
645727611
1929969561
4543474
1518230487
1699511896
1046117701
1162493486
593256290
1529915636
103033265
272207913
1529155502
1747116367
1234841820
2008155622
1756788922
1213612908
1694990025
595729250
281241222
2115218248
746176373
266603677
1583310099
2102768867
86859488
1215944089
139116638
1965341760
700025100
1460220501
1593738346
1387453787
83634680
1643618001
259554614
1513616440
1338371493
914773773
1187460803
1905106132
1564885009
986601225
39189775
2022388528
1110920509
58481350
418962458
1260507979
1120534825
156032578
1220059110
1228429607
861013972
977804670
1432278131
4677827
934399296
1656624250
63030718
1387611680
226917740
704806709
2110816202
955393339
1293157465
518576561
1801375382
2018761239
1290866180
268460013
1269906978
1806827700
343082609
730861034
1539906159
969012495
148511132
592617382
359690106
355652396
1094529928
1341296930
319162694
1653176072
758513716
273030749
1678341074
1606188195
2051861409
1615545178
510065438
697319423
1680155085
1675869205
948153131
984800540
1533578937
1632699537
2013876214
1083715575
796122725
1735416013
24278402
1645597843
650280144
464958665
1414948814
1405036272
840603132
1810683013
1081422554
1442923276
645469672
531313665
528720550
2029978855
700295317
93720381
1605845810
1110247555
1041676801
945381946
722624638
263039456
405632556
929360118
930088586
1433208060
739363097
1332223857
189792599
268236248
484859588
244203950
1130552547
154212468
2068620080
1081756585
617997614
1249560784
2123416156
771946854
140453435
1493508843
613787720
481216226
1779002375
395379400
1686175988
1240461342
700465810
1779500132
1613183072
1579184410
1218180574
1996850112
1077377676
322831830
787321322
580426972
656913273
191244882
1191895735
528100280
1725992740
319953549
2027582531
830196819
1697216913
1259524746
1377800847
2112674479
1523883708
1984761414
1736853915
95843020
1504373417
1731545538
980378983
624390312
1159203157
1225507070
796684787
903901251
697722560
1087926266
1641790271
764399008
517680876
572986037
1599360331
1470997691
549604824
864232753
420606998
67621272
184184708
1051976558
355548067
1198387252
594608112
1756907881
755724270
705518736
1602104092
226693926
1682087162
1603089068
1339088137
460766369
613256903
1693077128
1595589045
715227614
1782829394
538135588
1333544225
1270439642
766095519
1564772223
581997389
1255673749
352073899
1176771739
1492752440
1643581458
993867126
782100343
852230116
388734030
398406402
1400865811
1631270480
1117958218
1383169358
1725189743
1361405820
2019362821
283910234
100754059
2099216232
1370169218
138143783
1973525607
1914776084
1382625981
1601069234
1059166211
1928385408
1710964153
786290175
203141471
1716496301
805895286
675107851
1534329980
2078642840
754576114
862234327
1815375191
871186501
1580287278
198990435
2049476595
899685552
2114586409
724155055
674869327
543314908
2006117605
198890426
881525356
1135530440
504001121
290615686
1381325383
1774404213
1612370846
542384146
1166234596
554439137
1926630554
877669214
470633279
810576908
812767574
2104467306
555048028
564018425
650360273
1398818871
1707303736
267792548
293395981
148943299
2078342099
599241489
1009143305
1812736015
1043694128
1775038525
131908037
2137437978
1117917772
1905710120
281851202
933833447
1375569959
1570310868
795763838
1246564211
28344260
1390805056
1367460730
1490596031
1259427103
1934286957
1724556853
82516683
1015030843
1312528217
1569484977
956832151
541247767
1954468100
1791387374
841234722
891346867
446298480
439321834
368100718
1421853711
1979530397
1643284133
568838779
599691819
1089439368
908716065
1058542663
663889415
289047349
1478223197
112275154
1579228067
1838587553
1563851353
55535135
857722624
1305937101
701195030
990365226
1865178139
1909825977
1535908754
1312037622
2091556599
991895909
1606803405
922677378
509621139
1969156048
828222409
1974440654
1943041519
965425405
2056010629
901123547
1733853708
1473308905
374999810
930557350
1644901351
1950329749
769349182
181960242
1632446340
1110830336
1831606586
1720470398
1244707040
177002797
204214261
673030538
378668027
1753504793
653964914
1220299862
938665175
1768890820
573786286
1388894179
1276573555
2065602097
384352938
606113839
2136971216
1427039581
39968869
153715002
954720747
1213397832
898964962
2090759943
1818276295
574653429
1080342302
404422035
766288739
232516449
1419421722
23552222
1648104127
537157004
1554296022
1619307755
740891611
2053097080
1108361553
712551862
1796446903
822530597
533111181
1289350979
1857891155
1592847504
1544079753
102481295
929376687
354435516
1714124101
1989813403
1608823243
277724585
336797889
912650343
227188648
1658129492
1534068734
2077273331
28806979
2040568256
1656366841
515417662
691657888
819302893
636303797
76867658
1164551100
1535107288
721730610
1094795030
184860823
1870541444
37218926
2022323874
1389023028
1072558833
234209385
1283005166
936979344
1918324252
1319172646
1684011003
1070002604
446246921
772543394
1487247815
1753283976
697648309
112543966
257002578
937814820
446429216
1656919514
1431837599
690099839
194541133
784184982
1084642218
332110747
737979192
1544562449
653131895
1757304440
778912484
792666958
892448259
1622663955
690858321
904374089
1947248718
2025037167
290196092
544894725
1154677594
1476829580
1015894632
2075653762
590705447
2084293479
370748693
99383742
938843058
1185920771
1910900353
468448442
136167679
1206698080
719653548
2043552630
1292955402
1690764155
2012095896
1265271281
1096217046
825777240
594281284
1217678382
1848137059
486303476
298323888
1494646313
1169843631
1307344720
1117157084
2087703526
374025915
1142669675
948053192
1900988770
569212038
598935879
1945683317
1489869470
1729420050
1082979043
1821820129
1366180762
1709282911
1200740928
894652172
1171685461
1848425067
567532379
929845241
1800129746
1112806199
1835717176
806515620
737109261
449195202
672160468
1557472784
2025473290
1447973646
1736167727
47092541
1060710598
1663078938
998134092
1016047400
2131266626
749057510
366917416
986451412
990948222
436685426
1408605892
1673933632
1115783802
1769708479
1175020576
2105230188
227462454
1951512011
1349133116
1318005336
703334321
666723479
38647831
1643680773
1929932269
1046688803
1047248563
1500310640
302709738
111439983
1364824847
2056019868
26111398
1101735290
296112427
1657657737
287129377
1731600198
1706480903
237700661
611167326
1512368594
1264695972
478957984
710783322
1506005279
1028349440
32827340
128911894
1004003626
302111515
225359033
1904423569
996861430
819531255
1924555876
1939302093
1750559619
948343444
1118266064
507552458
60079566
1937622256
2120735741
405250693
1413671131
906739979
827636713
264561154
1098299558
36922087
1034792597
1218223421
1019590963
222905988
1208033280
1077596218
1234318974
55560159
1834499117
653211382
756497547
605225724
807595801
675892594
322213719
369415128
1206117573
1062490029
872076002
181982835
1067223345
311638442
1173830447
299919055
251201628
331138917
1228921915
874946795
440159816
1597469921
2000650759
910975176
1156318964
391478814
1665251474
472138339
54304353
928046873
398379998
1242472895
373112973
436687829
1013434346
1612028635
1589893497
813062225
284326071
717818295
1931023652
603400333
1218800195
1171950164
1667522449
1614463114
312731790
1283029168
1490543805
1090903110
1526333339
862908619
2073858216
1605171138
275282791
687460008
1266552660
1011896062
2062608371
376090179
1465306305
1054334457
1864470846
528477088
2134635756
1269784758
1780581195
998351547
761885656
1749177138
1652328983
1142796184
837678469
725086574
1504653730
369339955
756475376
1953445738
2054342126
524352144
882667805
683335973
1338594043
2002563243
529367816
1834838690
1623827655
1563667592
620480437
524619741
1026246483
915704356
963095329
34065625
1184007839
1838916991
1458329932
1654611349
1117548203
1204755099
472628793
702889489
27970422
318424439
1845134820
449751630
644884738
1137459732
130817105
946380361
1513870159
1647242351
652127612
261346821
2047202906
1600643211
1009198440
1619053954
138083879
837941863
1358770197
1676394685
1867044530
1394202116
176634240
672705466
1625926655
2052706143
2011590061
1099909749
1580239371
846594684
388151448
1268193522
878001366
609766232
1020708420
1953714990
2051035235
866928115
1251738288
291435817
1524043950
1228623439
1614191069
1984477926
940018107
1728610411
1937864649
223289442
1922336647
1647097927
2065320053
1778147741
1654756882
1584566756
399341536
1413642905
1291780447
1739745600
1757557260
121055062
1630917994
1156471388
1986421496
529523665
206822967
1630421304
1612363428
1977478158
746039234
1713093075
949917968
1619672074
1897692686
1683890224
1027356221
428969925
1948675354
632721483
1404336680
1140876097
1471037670
81520167
2062225621
1294922365
1955431794
1729543620
441607745
633158009
1705674431
865956639
1545053805
240055349
2080657610
1689264700
2114895192
1946656434
1736355735
242525975
1163810565
415659245
544091939
2006097332
15458161
52589289
1575230319
529490447
1183285917
1915114661
616202363
1323962411
1457007752
1355585058
996158023
217547784
1409780020
1698394973
241476818
394156452
925762721
935389273
1371814943
940764415
813615821
1838067989
1794374698
322132508
1580451769
322324882
1873654007
1294171383
104441700
316992973
1165747843
545845651
1050400209
1381997002
772139215
1120343023
816873212
884935046
1276888026
840630284
1661243113
2079045889
1837253543
1232572903
906473876
1171907645
629077042
908158339
2138592001
562399034
69476735
722130655
1888460588
2007916022
1985795978
1844445691
854426136
1129571442
448324182
439534296
1749329860
1441879726
385404387
896972148
2026273841
595177642
978970158
1912419792
1548692316
1377021541
2023896890
985751531
1246863689
160812001
166497543
1700007879
2088995316
1052919070
993293202
628613476
1883853152
1984108057
1000486622
511520960
1390551949
996539094
1922491115
777918939
72608888
1184395090
712524727
1318746296
1561810981
262385550
473752899
651422035
579064465
1202239370
666375054
757712815
1442547645
1994146629
1151720090
1884630988
1255629737
973262530
2021066343
1736768936
