2957561466
3405288921
2019910263
2015980110
3057612555
1650788086
4166145296
3563832109
3535503026
2873926095
572377569
3482718858
3387904932
854802224
4086956450
2966325752
1085543438
2788779453
1540729664
3511971364
88965871
1810369720
3283582108
3111278856
500162174
3641031241
2955162575
543921510
3816478935
1860964543
1188743077
3257069023
3986079576
3159365623
2110498920
3301025799
175704004
6711882
1807827458
3466391939
2403214218
82717794
3227077250
2657241539
1359816916
744079980
3321923222
4145443912
3376704034
1528804572
3715060582
969727611
3515949678
2918051371
608606979
3293677393
4260527035
1204271268
464446377
2971241559
2534265108
1537982811
1704007629
3720329966
290527715
4007905364
594772722
2251698664
935898900
3619115753
334207347
2412929844
2934157141
1156519197
337619237
1995334585
3399939931
2993910808
2971806792
1492870478
2001834434
1295931924
1360490203
862248194
3745964863
258021939
132865142
741621869
2086955209
435705765
2074992464
2287878745
3144316691
3932406154
1654833707
3595405654
3564698953
3775845144
4113616132
3975840635
1627928840
496099239
2997140050
2618873503
3602651960
3583953364
492117171
2324000388
2053315496
3392459463
3131142727
1813861774
245327552
3102509497
2386301506
2691845056
1330707758
2965378253
1365257668
878828129
146822441
3014611093
933164157
2394553243
921175568
3728259924
529816296
3501417923
1819788422
3600585989
3245073045
1521301840
3771774971
3670880385
72763484
2112966488
4254586314
564707175
1135350648
3497656749
516154990
2605500847
4019618924
4056844504
3435004027
3897912052
4064686020
252997443
3740620950
1128378716
2544833544
3648097255
884613800
2260634781
2828644284
1716724161
3820856755
3677987471
726809836
2468835529
807530501
4273666730
3541727206
1822988151
2128306601
2017112774
3008417972
1777590099
1653333253
768526479
2661029001
2201131912
802036631
3754995772
3646712002
3298022243
2343191159
2560503431
3613339949
2649700368
2337841883
651828102
1193828401
1668085836
938160220
773011477
3060466204
2364425244
2706165445
2077440751
1794141620
2195181225
3033814650
1195453080
1220255427
3279692376
4113048930
1916810758
3433030091
2764112075
1760437450
4065293780
2257351576
2880759295
4136341969
2648505797
1981760598
294504051
1009581272
204214774
96814613
1898212045
2635268549
1741961198
3137127456
3507034508
3189091816
1494505471
1428229585
1291676523
2767438174
4085871262
3184571913
3351708139
3824952579
4192024331
376402084
2526220446
648239087
2522807969
2170059618
2861820134
2620281402
3236347246
3938229953
2434265337
1557207290
469524722
177829269
3746158715
210267866
3319460208
155107663
3044040212
2820177382
266439230
2575487200
1033657875
1287062957
3715921273
1034691207
2297676206
2669064018
1815502358
123903997
2638086832
264097876
1807566716
2032669321
934870214
3273594110
1477352095
1985799726
3283716682
3871761045
3111525025
585216395
816817897
748407971
3237756816
3437671388
3343365387
3943260209
2852998
2043254629
3816348352
3197527107
107194263
1647658786
3555976143
1795242183
1195506021
605546301
1816100007
2914818976
4251643020
389686880
1724625740
3851448123
2362967991
2505907056
2391238359
1969996649
880220546
3161316615
3034699470
1600623467
1619259474
1612720394
288254523
170227215
731950940
1641338882
1272215480
419399755
2510679753
2365782233
3416421478
1569104997
4177951747
1380132410
2227091347
3831588995
4214804343
245022889
305000131
3895359739
3307752138
3081141899
2933326297
559415877
536132515
770412341
1082994285
493485514
3807507141
1084537792
3569366869
2435727038
4212446792
3931909821
1262289730
4208034682
1654040217
4261022045
531093142
2711858405
1728517549
1552266678
2742690206
2666827175
2011700134
3236607368
411618568
209079524
1785255482
2791434774
523294291
142093426
3521466346
1117786407
4106510269
2355004943
2705850120
3732830928
548989062
844009840
2364236924
3005123034
3752506500
1391899700
3610985930
3714669543
1015416248
4037524641
1179403877
4016636048
1831584873
2626358486
1952528173
1231871654
3681921369
532957627
291413525
2148698235
1181515939
1809506557
877293113
500377723
4182396853
3951153026
2015268146
1483206954
1326543401
3513401881
3807387624
3462098738
2799064311
1306491802
4087682132
2050890857
1913055982
280002157
3563183900
2905454836
1085962245
2389269009
694127499
4045967183
2180910226
1131303354
4204291015
378424122
1125104985
1049782961
2384804100
3619777341
3373714148
1845211788
589376609
595955105
3498831954
4179946251
3736366645
2958150050
2181439191
2381790110
2475562686
1387885885
3800602733
1517071011
374435092
2921004159
1916962320
1734758614
3466028942
2083359918
4138937019
403375821
1690871625
2079405834
3735342480
3775841317
2821985092
3389165331
4024424512
3870292130
1293780028
1956791448
3554703070
4095567695
2194096157
2650390648
1204005124
107153221
1713214043
1853375941
4109840978
1752544418
2984325255
481523686
4183140911
4055897638
1825883541
2230686131
1733939529
909417919
3118686261
4069270183
2322522054
1466256010
3384741336
4135482206
816462030
3944917872
3573064827
253483609
1438595603
3752226074
4021072444
4151607163
44125902
3379685947
357631137
4207192060
754136009
1804090490
3347880112
3522637188
31297994
3474162129
2517389877
1969040968
377916316
2362050805
3040356528
2827339371
1341611574
128405835
1111415550
3079337063
1418192642
1360999028
2495317691
2253811444
3771605526
731916767
1479886982
3312759992
3057421996
3671951007
1954391203
834940914
2107993314
36788903
4194547574
2411330864
1014079240
2881964999
4139676355
1216518302
732764781
3506686580
1341244226
3294786967
2613720331
3830283399
2229282094
2897324123
3217455738
1925341744
3301145436
1545305788
1009111076
2841064282
3871631371
2128066424
2486186052
3392335538
1482949070
2190747300
1005322367
1337181023
3624463464
1897950694
505230369
1737050896
1325471800
1115178676
3013420693
3470319029
798421282
3139203604
1685368140
2648281478
579943720
3987964490
221169679
3158434453
1531111638
4179503841
3191026513
2065525862
2050258775
3625325700
2093855269
3035941627
2254255428
887506574
2230903653
4112081005
751076881
3676195336
1142553165
32094189
3328535426
1713673369
3988501666
515603418
873628253
3278247593
274517063
3462829362
2567402291
165361847
4118496572
2572137664
3099840023
398929477
1509993797
1342872428
1914987926
3126380886
2941178244
2516112917
2526821280
3044604361
2028977692
1180120147
3925637481
3048746098
363009049
3074003355
1754318371
2489970167
4131232173
1679229192
4262803367
3454377173
3961932354
4104165554
2545856376
214106982
3661774212
3666192671
3727320775
2671380522
3700455318
844170435
1911460413
3087340104
109410571
1943654028
255819906
721999289
1008591076
4089057232
4249966033
190443558
1832297535
1611282333
898582000
4053391171
17629573
3821740833
3679883043
2062409550
2224068437
1574230029
3402068387
1955240092
2191431128
2237831463
1659468934
1119030132
36865519
2421515968
2080367207
583871207
197758761
3518663783
2671679574
1505481429
2146608307
1256032780
3203588021
3482852438
1913335417
2020948307
2530105791
3328040239
2410696700
2512634952
4143721863
685056783
889852663
3053347429
1251403045
2511737259
4695333
12915111
1099791285
4073035717
3739646855
3914822345
3757536665
2099693616
3040428703
2084699151
1571861351
3046132725
4285838548
2154228904
3631249485
1535870813
778221267
2788425121
1084055247
1957836581
1338687479
3732866803
884748088
3675001784
3191572553
2475007292
1176260251
3130058512
2132778996
3581522374
400259375
3177022494
1457453032
449932726
3834900575
1988016025
4144862104
3587874467
383598263
1040928078
2991036044
702235475
2074474607
734992215
927269984
157473286
2196969484
171698967
3460712712
1723244575
2103347474
3930972120
1278809856
2978926625
526616680
2268389282
481007483
2442652823
4019958836
2210210257
805093192
1493341038
3048997149
2483648146
2137693617
1784271330
1348806592
514576445
192301918
255794485
4017878853
1605256750
3722482329
2551369862
2527602713
3197925387
1414497971
388764272
3766421355
254361719
1445554129
1704948639
1441259133
1460970510
1771666809
1583909797
452342739
2127934504
2759916089
4081309736
635878357
3123409211
2935914584
902124817
2918175628
2063657942
4119576306
4088331456
3903798208
129625538
1124915802
3254352226
2366946500
1091142278
1571745610
1251444866
2931504831
312925021
352924385
3673148737
2061399820
412387770
1949720828
2847290505
4192898558
849846544
1665477069
2238067705
966617959
3815702818
720931866
2507479575
2415204506
3207043598
455690547
37186936
3145575996
1910912788
4193428512
382838763
3054474500
4065509205
1534048601
1145345569
3983003416
3537923268
4224546457
3550034281
3731460392
2319753773
806714187
349451308
1316701133
653501251
1561442985
772392229
1088908034
4077964701
2727791785
3975267865
3233588633
3594585179
4027547127
1625012533
20032332
4209120951
4141690366
3712056317
2477517253
3217472193
3594730075
208220908
3481296844
3732400824
2108336629
2006085120
2866596892
2334675666
338446697
2384737333
686716898
933703363
3736994367
2270480595
2509903081
939797847
3400688846
1192404588
1172751316
304414939
2371081994
1365614858
2772499765
2512476111
138861343
4237540293
3955461335
1952815211
958753430
352180080
2718484702
2317421677
3702981317
1486733498
3066217215
3503032459
3089133277
2234660173
1693587480
2643659364
2396097675
334694897
2194056032
2730910334
4176801820
1792585258
3148511759
2358480040
1524408584
570435517
66383126
3243155638
1521217052
2689268382
1556581335
749167306
2508850015
1111732329
3638876693
4208230335
388604770
2215712658
881129324
3866497995
1332796606
2776790801
1182021516
1908864142
161778691
2704608796
1623177570
2910295365
2899193859
1628040730
554001382
179387375
3083221960
3278393783
791953103
66553236
1993548079
3637487783
2452197775
128637549
3699695928
505608859
3125630168
3610531202
2885177482
1001783090
2317391992
2629429252
1107425938
945460122
2611116469
1934101471
1375976520
2015983963
1616343138
3935547277
1310956548
3380304592
2785618675
3449998101
3326655148
1241684995
3888775873
1091207386
437567337
990907969
395962084
2624827635
750806476
1652553280
484541362
3838614420
1435184641
3779807758
17315895
4214673113
2614149515
3668026285
2447802412
933253848
2385302234
338473143
435110830
3241741925
1432866108
6464444
4224447829
2899857243
1882114356
2797842646
1917821341
1042310012
2880979633
3825990435
975602911
4263708852
446841542
2414756329
4074939209
4178575052
1538739725
3257342219
350016228
2975652473
1358103158
3787501544
1207867521
1321194138
2526183506
141088978
3242641856
3095226975
4121330020
3623842174
3315426193
218339881
266144478
800302547
1731616971
2461591051
622551478
993074700
1709972886
3919555491
3534479224
3249322195
2091216492
1902344201
1270918621
1874198557
1386876222
2964758926
3642627047
3226756852
3897637789
4008893160
783939536
449357458
3510772570
1429725562
2942481137
3893204564
3068786628
4266874281
2245130331
596492834
524484075
3776567688
217669206
2292055640
3888374481
982229619
446626463
4134135835
4258874380
3732266650
2378608415
1556481987
174148264
765649022
635379412
