2644637258
4241991590
2599722572
1105375456
3949618237
2248769615
317639680
447143687
1635678709
4041737484
2688325762
3297839369
4232518077
3219640274
2625547956
1131107977
3830281011
2628721990
1078221399
2297067248
2247361130
518107760
2294353861
2903753237
3007886496
2211871330
2666460001
823916967
2566403582
731071778
124187735
515354767
2793401542
4155846771
3134245823
1661127600
2170257224
1519577440
443193061
554358478
3331515890
4130939873
781709619
1070932101
381688623
3759339784
887331264
890439481
2324374389
1287294616
1799647336
4232898584
406036265
2488514957
1701652095
4189783936
604653892
3620587
1444075642
1295410809
1573123657
1769581871
4292949982
3573218739
3911953835
3796573935
2754551993
2295753452
2152964145
3010718510
4293382926
3933737956
1454089057
1643896359
2006862757
3281702242
653443302
3647359928
241948164
3131736307
3682753485
1112924477
2071997860
4231870708
3275565206
783914004
941994500
2416052147
3275443429
2165556290
3178266161
949720685
1909793589
1534497897
4091876017
469260960
3506797930
966373810
3441806827
994807251
2381072810
544778305
1578061329
4201091245
2758421781
3675232223
3659009785
3821228055
3710729123
1859994841
576894870
510225977
2965965972
3523427569
1631654125
1079877324
3684508315
1186494951
784782172
1690316997
1728977410
510086926
2687275116
3796039823
2364418788
1415128157
3170907066
3131409169
2482813427
1412811429
1448261565
2393178928
3600453261
1838435893
2323672559
4192849068
2939894111
3628540450
4129885646
32866254
4196208305
1629818225
3085814647
1858762031
3455942481
1020835457
4137440660
2990270533
1343250603
1679990048
2542940024
188757247
3417266862
3691110452
2980353689
1938688848
2674391259
3085110330
3292019279
3935274089
122897928
2893827654
2473952093
3946656446
96340923
1829671002
1808583556
1102273484
2359113891
1954336590
3409743215
385602818
1940280065
958694994
1601083841
1649827026
2710373013
4025904223
938561869
382786300
2134802719
2652422717
2188689503
14134212
517275533
362406823
3919240181
1337604078
2731512455
4196903706
587712285
564030579
2505903627
4004627250
2685744097
3363230851
2356370802
2108407451
1384620939
782059620
1634759224
1015053299
612487864
1082416825
2336231611
688424640
1926417553
2660535051
3512191484
1746752618
211790148
3278805250
3119203271
2450082973
1020071381
1308673514
722157826
106652557
1415338986
1453321027
1510361727
74026498
973267990
3326433296
1885476887
3120560627
1518112187
4030051852
3800086308
1739439745
3869530372
4263338380
3477882185
4225798145
1591859608
2237367694
634582525
3168727901
3616507911
1039110175
2600287721
1573876471
543930156
2586176970
1889476090
189847467
2987258495
2215570561
513438731
1862565029
793213461
882041542
1980790066
3114069605
2054775359
294778579
2388311609
3334234672
1524705187
165101963
385089474
2400607918
1045965729
2019585984
3941826439
3136108621
2392164206
3190804839
3696812133
1130230672
3449247353
1695084539
2327416523
1629041536
2352427766
2239131237
2982048572
2764383942
3026235306
223574790
1725872011
569648860
2621311332
1554197902
3097534545
10150805
2304149054
1291655507
3883767763
4035842797
1616467689
3454452387
3980146192
674942917
1944807557
1747895046
250143518
3068077412
3819594495
2991741901
4031555560
3420450823
2929235568
32883883
2232951858
2045185118
2402942693
2715818718
1092250705
2504541721
2547104252
267435267
2215456685
1643067422
59718026
4279904301
2112357113
1198258465
528223217
459330320
597349091
1418828671
1109727825
4013827387
3986874848
1003394231
2095045351
956131085
2141618664
3977599204
3494324321
451325004
2777852760
3106233385
3775219703
400443988
2269261534
1440116818
1394392667
3853295354
3197673047
138697041
4224916469
2341811961
2206706332
3466375669
3906135979
2786855159
1074611078
356912925
1053336445
2744260725
1686592718
3268610948
3767377120
442178057
1808735714
1690569607
3593198080
1066076652
3904436328
2635745223
61809712
2125967439
2501096038
3806622693
95973050
2704481771
107328589
563711330
3186386733
2804453143
3158822236
690320440
3853707226
3586455788
3063650185
3429396964
1787663431
2820359666
4070436811
1306194666
760418616
2409805046
4132879727
855191954
562579716
1714833670
3203097512
3473664358
920440740
1437627079
3788260115
1159229316
3988237512
2692950495
1866439081
1822770188
752293715
4012025231
3682344284
3215907626
2269578370
2632311920
3577295872
2737598761
3533508936
61895408
2565484038
1111806914
1527473995
4235226469
2006537713
2366176791
1455025595
1266764374
609830666
514324497
438537020
2901121357
406289478
3241778775
258446794
1268445801
26981638
3456275771
590711148
346099295
3601620476
575496365
343573839
55542381
1501602021
673581750
2900065113
90863720
2004174321
36198201
1665764789
2595056872
594142194
236404055
1571299320
1567215611
1412047662
1074141655
3763395712
1320443235
1366248128
2817486722
775894395
2474557407
574690970
2274116589
280247763
1652339712
2102081120
1631646593
748649527
3347972418
3896904978
458535302
3491025106
710361807
658626729
1635889985
1572376391
1874660285
2762832804
3806717774
2654132367
560492159
1684435952
2962902673
1577424202
432990159
451640331
4059422597
807873412
3713304917
620700298
2721519211
1652978360
3679478523
870214856
263825653
373480848
4082148407
4148992744
730694255
3411627277
1039454133
3236860837
866801325
2498686277
4152422730
1555996854
1711404408
1334857411
3257359084
1950146628
4021886323
284267071
2421566860
1870672305
736718982
3223936182
1584168822
552007626
2677012777
3089528442
384267204
2353311784
1669013403
3272300860
1679421582
2160545474
2456822282
524716419
4241958685
3883266158
576727425
1648248026
1161780048
4267288588
291335100
1596754467
2381654833
2314036929
3123387691
3149860610
1178227190
149235304
2166686549
1490105008
2163740941
3317312323
110772620
4280555880
1105204599
3237866194
3672882697
2666613367
3200220998
539535599
2540618132
2369343697
1929568093
2183506477
2608430816
2519565588
1506686498
3028176648
2020812881
770202536
3591148945
1957913234
1233948488
3400921535
4005578513
3452835557
3142359059
786154114
2217748010
1742423641
1305923741
3332009427
4019292290
2139045582
2945007970
1395797455
1812110204
393968826
3425438443
2619820215
1692092650
731359099
3741943077
1093612833
117199852
1698871305
3632301580
230939893
3628044
1827486294
2732502037
1649438147
2951390279
1106711265
2939264307
3640342182
2236215720
2446303842
528910675
3212151978
690237641
1103700843
119078458
839038738
3069168423
4057733879
1586706758
196192350
1729381788
3182862236
1838390576
1329543838
888072136
1552950009
2775367028
3982004500
716762020
1982692589
2419994733
1340835253
2019539423
2191603487
3928034236
155370621
3713393605
4253837923
2257584544
2887518960
295118354
3523781422
3886245302
4712986
4113703036
2409846415
3655760823
1887296001
1500401472
639041916
1519020619
3924557104
678475894
1465323091
4042670497
352436432
94757998
2227460114
3133202950
1444173782
2650676520
1992771821
996952277
230961646
2633305551
1412273049
3739025225
830951006
1642058999
3055574352
1515162741
3054679522
1832379894
2934481099
611490568
1283105816
4294075254
585893606
2014526356
2506887727
1220621751
3010448799
3167576735
4114726059
3966163646
195501501
1279651327
260006656
3984775279
3549175406
1221382075
3505549751
1020130426
2906695461
646635972
3713026339
1855796238
1399640102
393881439
4285719769
4261841519
3787486297
2423434
4217924477
3797130279
1038882390
1962217907
4051846166
1910056029
2163479653
1989439031
2899276636
506502822
3753131894
942000811
1831232174
1507937468
3901963811
1794447161
3290805209
1302935053
685734171
1877898452
1563326070
2390208580
2234891510
900700212
1807029211
2290209994
3552668776
3858477192
1676115199
967075570
3349927228
2745290775
3126842864
2602977538
410121905
2117468194
2559920975
1316914478
2806030535
1182369008
2813565331
3050894330
1788062135
2108336278
1917106363
3693388588
3017056446
2884851783
3961696244
3036375838
3138930804
211931717
3146222385
1838096228
3526178730
1241190070
4150173157
3370126699
263496944
3441678569
1243303777
2296756901
957663033
2797618968
628357535
1116506303
2588790444
1807613523
1351321698
2287096827
1979011188
1186752037
3900946099
232565294
3134368625
1674360149
1048366517
4126782152
2483332023
986970707
775568527
3881323692
1841332952
2079419374
745711952
1163493924
3806303980
1413957312
2885409716
897122968
2269437813
2632574685
2515354163
423611225
1198704624
619064331
848380755
146254717
3216962600
3995028309
289456265
2477666583
678796561
1917894875
1129044516
2443613956
2026143921
2636008674
1902733922
2836288678
4033689174
2908967382
283154343
3586843885
171931710
3504994716
1099529754
3466519889
3210322732
2438808028
2719609709
2703161602
341595675
3520258040
3916067931
2771245116
772342057
1481961900
1723375897
4200004775
2418428729
1892345944
1002408154
1462056303
2547984381
987643605
2433937381
4066517939
3710707230
1078207055
293855664
556011324
2571464306
4067547004
4144307791
3901176900
9836551
3448436674
1960310634
4275761653
3022465257
2119109922
1355318925
1275242374
3738678810
1056613327
362505436
2688887897
406041780
2609164295
1111830657
1416389596
1794027641
3070298277
1840766042
308000248
4028492652
2032454996
2675356968
4066989616
2685939444
1547124227
442481120
778337636
1259804825
2965326999
2284062417
1684462260
632858416
4175129021
4108143953
2217643398
1409666760
2182459560
3174765400
3527086404
4227273281
2915487756
2708868574
1715635929
2506788133
1468654029
3812753611
2479248190
459599920
574516388
1429813130
661021207
2453401839
2366352287
3068542431
4133092758
3961038957
3262039370
341173476
1966074742
4262130253
757038386
402035526
3486041044
3417974883
4085811200
2393353018
4053093761
919144961
3465944055
4289883148
3246450187
4233283682
3533530405
1497337141
3272249155
3119198690
3911814074
1165703302
1230342266
4019251072
2436614998
879535557
1646621387
188234853
3383938533
1953310966
2676050666
1696463484
1318929282
3868585827
2396797457
1178994763
2369614275
106335418
2216327867
1138212258
4124785139
2502439166
2543144194
100806602
1155841536
1338032790
2521306878
1354835997
165736378
1290057446
1214186638
3499119983
3172091093
186413240
63809639
1134500853
1081825813
3020320944
3895101411
4218584401
3749629021
945184957
1512173791
1539537422
3575518976
2082769343
1040183410
1881672390
681671769
591000570
3233217121
1859203676
2629026718
2132889184
1347974684
1653716073
989747631
2822807833
509213897
3889262741
2011731655
1021476051
2390977599
2584467717
3543936655
3246437620
2779126562
3157233723
3330081789
156111296
439748986
3735746509
2438213456
3495872383
2614631260
2190042920
2042106960
2220697407
2495292410
967431010
1569691555
1502169799
841164244
1278633064
4170922124
566836006
927093790
4184721457
3647788748
481081303
2003388246
2903925867
44961683
2262557834
2217963294
2273441225
2680673423
2131483867
881174512
3281109568
2651066693
1028951680
555577609
1242670596
2403508928
1376156264
981597212
2512320193
2148624480
4228010322
2259838879
2672790180
4223786875
3580638557
934892194
