790628623
604020125
116446118
1805947770
73279275
1112012681
557843746
39349575
991300360
774439989
452383325
1972178
1987989668
829173664
2001942361
287432479
1285247999
670344653
360116245
1711853354
89862427
1722569401
1793292433
1656534007
795984888
623895141
1773538509
1844976002
653568147
1446691025
245606601
764562383
1773615855
450042364
1387595910
998987482
1432786699
1010162152
2093131777
534251175
728078567
1484958868
246465342
451798834
1986583683
774372864
1248548409
219104383
768785888
839842349
178396405
106375819
852449532
1552387353
1799656305
1267033430
53512663
1492411076
2109601197
1535803618
1040837747
70706993
82919337
1104398639
1443683535
1708869213
1962224997
1096239674
228882156
268725320
848313057
610258950
416388807
303564021
1316267037
1025042066
13031523
1781169248
943482138
1658509790
625252288
556465804
623196630
2016851434
2008346844
2110748536
646749778
1170359991
1275576247
2051052324
741068430
899946562
1531879507
1753595281
1846789770
1004500623
1410920112
1907434173
2053718597
2002808219
344966860
1540075176
1658895810
1472711015
1783760039
1115753812
1174041853
1408701939
1947223108
780905153
805200890
2103222079
15262111
937472748
263734966
2080338251
159643836
513544665
989042994
1061902359
519005591
111965060
1052219245
1872551842
1799013427
1111442416
2000895338
1821201391
533950607
1458351900
734611238
1677639931
1839236779
698589448
703344801
1307046598
1658774152
2102773173
486159838
1491105107
1253908515
811829536
485053145
325883039
1790417792
1690834764
823346069
1577671851
968126619
2131057721
1118929938
1912117622
1826585464
667943909
991514702
147642114
1984321556
1014725200
1236771913
1890935119
1362387568
1512434556
231554054
428491867
944682635
1873036136
535466881
1721256999
561000551
36580884
925623998
1361904819
457534468
281679745
1714762170
669170175
1755891040
1115237292
737030262
1991014411
1975408764
1260607128
1409179377
1671563991
47186263
860046405
1661532462
210501219
552164339
1850892465
178846505
825204399
1546896464
1811208156
1630347493
911931323
806508139
266704328
1494476385
1303434631
553512520
1017267828
877103005
1312080915
404826083
1557616097
1863975066
160894814
1555324736
395046925
1593904470
708887402
1192865884
453902584
17967570
1713351735
163116856
715011236
876515854
305288642
731631572
1524365073
1531920905
1658063886
281646640
686912572
580974021
1690884891
744711756
1484757033
1704995138
2064223975
947919912
1145704148
1879382142
1833939826
264786884
228803649
382713721
1398903999
80898335
1452827756
1694751285
1763589834
1396602940
1927109465
1478812850
390692246
110255384
997774597
1752308461
1024974114
1926607796
1898986865
1491237097
108702063
451794960
1504952476
182500006
1529605755
549053995
59394697
1372019745
846886982
451852808
1555924788
35428701
1473630931
1823666083
138797729
948858457
1813662238
2063262464
506890445
346986262
798812715
1537519643
1118397880
1668190097
1626832631
1515467512
1063986533
1968935885
1016370306
1863255956
208090065
479895497
1761310415
43551215
1926479101
245657477
1541157338
479057419
924691689
633437954
64721318
1463928807
1972678548
1044777534
1126113843
895024004
500642048
730729785
110702463
891669728
956194093
12141558
102024586
1036277756
1720328216
690432626
2030153814
1106671831
1007494596
213056686
1275100131
884984691
1939397168
1001371306
590246959
734112719
350841180
1587811430
892446010
1264006635
89243464
1707512289
1258609415
1483818440
711428084
876178206
1887674770
204633955
191836000
1124506650
565593310
88811200
495444364
2010898646
14536939
1930784731
647465593
730248530
1631588791
1450258103
1660343845
472929678
850629442
1952448340
1507668113
1197063561
434872718
1449213360
210552252
1737992518
1099188378
1955464651
1816035753
302945474
802051175
1702179752
1120800853
799980542
760959219
800547652
2049301952
1311775482
139037247
425914527
1852511724
80637366
1078987850
286259131
921281752
1757753394
1737138967
213669016
297809540
1300995694
1141234338
2053612340
1582053104
1288746090
2114649839
510607247
1381356060
1379348006
1730943994
2074756523
1442575369
651265954
638582215
558207367
845170868
945683678
1392390227
2053095203
2131967009
407013849
1361772446
2070227583
2051013196
1850272405
1891858346
1227616155
932736824
1528470289
632906870
902818423
1375815397
108844878
1599033858
793687828
201190736
1431083849
1281657934
2078519663
182226557
54174469
411115355
1612969355
413275752
474442370
1839322918
182083431
414593300
301936061
1187266483
1654885124
458181249
1752557753
1597154558
290051167
1000246956
922965878
1250956042
1759598460
884730265
2025780721
27547094
2124673111
1498548037
1757151277
1877473634
395131635
1510626224
1711632938
1305495982
1119261520
112786141
458885094
1406882491
1030952299
1984489673
1722301794
308011143
2100010312
1097320821
1011502749
2047180563
2063255268
1005717729
33699738
1631091295
487124544
1495192333
498447445
302898794
1504194396
644617209
870990033
757298999
1882220087
155875237
1375803661
1831325891
1402678996
730425872
3356938
388380431
585098543
1115887420
2001558725
596817434
1259316555
487090985
1982595137
1813387750
791759655
604836308
1928814462
1780084338
1910338243
974354240
606041721
1377075134
1016756255
626575213
488112437
395631050
553154363
1891692121
2060745650
638503062
1869433880
1870829573
1543774701
1516689443
535859891
1335046257
554561513
155079790
676833039
1725096861
801939877
503269755
1550951724
653827464
923448098
514360134
870541576
1681787445
767451229
542739923
298028708
1523291552
168142169
2023666974
1777758719
518286284
1809989142
930940203
1615474460
1674737848
934651538
910051830
1028825592
1167222885
1551702734
1190989699
1426417300
20948688
1103992522
1357947343
991287536
1212178429
428856965
1702431962
1628509451
439451625
293361154
434838695
2050619111
1368568468
542593341
840719667
1092950659
1328702465
1793901626
1739528830
2064964576
1884930093
2093771509
1511940234
1427461883
1001960217
1355137394
1938422614
1993893847
1896999108
1696859053
1312978659
1733405299
1738984753
1470770601
1729437486
521304783
1734577244
1162804069
676855867
1684403435
1758138953
1773725921
431351303
1294791879
1738738420
981086749
1085955218
41555555
878699105
2047660825
2115874782
569226687
1884341389
2123270101
1943071722
1490153180
546020729
675073105
1070193846
351706552
60365092
1135664270
395251267
1733123668
367043472
1406907530
277073039
1950715056
1892968636
2143424581
552870811
233325772
1893553321
536374209
635494247
1404330664
1309086549
668926717
2039188466
1949991492
325849281
1721618937
1724020030
1819869087
560036076
1541444789
82618187
1626863292
644036569
475186993
1221979671
1822770071
985659780
31171949
1446696354
24150579
184887793
597306217
1578412526
916917903
1026225437
1369511205
363165435
554697900
2088781576
275963553
306448582
281559176
1482083253
1346225118
367520594
1356750372
1634660128
1540866265
410348190
1152301440
841211213
997888405
432640682
2130669212
1297580600
121614866
143011702
786192759
2001381
1700552269
1235078403
2117277204
841769041
807244361
748664654
1043267695
1358901628
2141456902
1489238619
2102736011
1103882600
325075329
2125947431
1667272296
103429141
1464759485
1529313970
1860020740
2139127168
15900601
1443794943
1887888223
2100294061
1343093
1254075915
1616926332
25197720
1060867314
1152557271
1754521432
1766640197
1877673773
1024455778
1108154868
1651394224
1587407146
620557487
1054171728
1558781404
176352998
1218948539
506451051
1658338249
2096665697
1460857734
108350535
51989621
482940317
446839314
1085302243
985185249
2032561818
778429790
301563199
152942093
1214667605
1009187178
1318235739
452339448
377378770
255017527
46388536
937605796
1598005262
132729795
1299615188
1591926033
273887241
1006920207
1217541168
1031846460
787858374
1336447259
454550604
1841118761
494131009
1395565799
285112871
649860308
1013294718
833628531
1422823875
1278192192
1672162682
2085841599
654214944
142944876
1864902709
509048010
789476923
1573945689
1530925745
1172312983
1113864984
1501059845
756164846
226612002
1021800883
1453466481
578119402
848166767
1197307408
2069759644
1706330278
1679729786
663053355
1553133705
1091176993
1994559047
1978931208
1957334324
232531805
162089170
1437609379
1492994209
1538841689
1722753054
160301312
1509838540
185722134
766058538
55291420
2049412024
1471724946
311497975
1215107319
1738910565
253403597
1026656899
1222100372
1690573264
1849462217
359779534
53422064
1259930365
1668758917
140634074
317740043
359748328
804465922
302426022
72230376
477934996
618960957
400922675
164444547
1916376832
2022144826
1615922559
1872751327
136389421
1859883509
846461834
1757566459
202589720
1377851505
1797146199
299259608
671263684
1997605549
307261922
1170180468
274776112
1222681769
1032309295
536824271
222932828
418767461
1254775610
1221637100
1785750857
778518498
1081274630
1728357319
2043317748
1362557213
1572673426
1402844516
352097633
1297025561
672209630
1798063295
1233495949
691875542
17827562
418016731
464236665
212788050
291481527
2006453432
203906084
313353102
339118402
605470035
1284511377
60402569
1336407951
499506095
1317538748
854095686
1169161883
1352565708
430450601
2090746562
1778346598
621777319
338433621
512444925
1753728755
832151876
710820800
1766295802
1221025854
1781206688
12835821
82754486
2044019274
1765537212
487115480
1167875634
321730838
782906008
833338501
1269279853
1446760610
1884643635
2020220145
1805623913
1017795823
1484447119
1198266397
436665382
527094266
1305592748
1295030792
1456485794
1115952070
560394119
523849396
1419348701
1369286226
1043922211
125215265
1470691289
424400287
915687552
1014218828
145242261
152808875
1261366683
1883411768
924895506
1247738487
1208273016
1646775525
1203234126
2008565763
1391686932
1594282832
1244301641
1097261646
135679855
1552798845
1929998598
173200730
2145547147
455195752
1966413954
1238953254
453164392
2055878420
1998175166
1045870002
804505860
1834856576
531322553
1014397695
1985999456
925717677
1998693750
658196746
1278956924
1634799512
393487346
1556933591
815779415
322145604
1754664493
604237667
275314931
931019184
1685217321
1723178926
1083191632
512049372
514315750
1153435834
1112052588
93556424
201648994
1272313479
752548680
834064245
1170463901
1611330835
1497498852
153841376
1149674906
555700319
730205247
1468569869
1326645846
1485575274
366554459
682375673
416181969
1011813686
829637688
1718025636
1274685198
309774019
154004692
619204624
2075076361
24022287
1910539055
1240096060
966404805
420113435
209462092
2057179433
1266134593
1616064487
1307027751
2086082516
1011871102
1947362419
681291971
1945623873
1165157498
35542463
872322591
807243117
1261719350
761663434
1837135164
1779176537
1768401329
649944727
1870080536
693771781
1268527086
107531811
968511667
912070256
1293475305
845785710
